Training Results for PVD3
Model: lstm
Best Epoch: 98
Best Val Loss: 0.012842
Best Val MAE: 0.025923


Ar.200.MFC.i:
  MSE:  203.768585
  RMSE: 14.274754
  MAE:  4.522806
  MAPE: 212.24%

Ion.Gauge.i:
  MSE:  0.003024
  RMSE: 0.054994
  MAE:  0.021420
  MAPE: 2176027.50%

Baratron.Gauge.i:
  MSE:  1.185449
  RMSE: 1.088783
  MAE:  0.501743
  MAPE: 60.04%
