Training Results for PVD1
Model: lstm
Best Epoch: 93
Best Val Loss: 0.003743
Best Val MAE: 0.013827


Ar.MFC.i:
  MSE:  203.983902
  RMSE: 14.282293
  MAE:  3.824085
  MAPE: 304.52%

Ion.Gauge.i:
  MSE:  0.011191
  RMSE: 0.105788
  MAE:  0.011214
  MAPE: 1026846.75%

Baratron.Gauge.i:
  MSE:  4.025383
  RMSE: 2.006336
  MAE:  0.673959
  MAPE: 101.18%
