Training Results for PVD4
Model: lstm
Best Epoch: 99
Best Val Loss: 0.008933
Best Val MAE: 0.025893


Ar.MFC.i:
  MSE:  92.583130
  RMSE: 9.622013
  MAE:  2.354189
  MAPE: 16.70%

Ion.Gauge.i:
  MSE:  0.000000
  RMSE: 0.000414
  MAE:  0.000113
  MAPE: 4006.09%

Baratron.Gauge.i:
  MSE:  0.251190
  RMSE: 0.501189
  MAE:  0.264040
  MAPE: 18.99%

OES.Data6:
  MSE:  4.834938
  RMSE: 2.198849
  MAE:  0.369968
  MAPE: 68.16%
